0 2000
1 4000
2 6000
3 8000
3 12000
0 12000
0 14000
2 14000
1 16000
3 16000
0 18000
3 18000
0 20000
3 20500
2 21000
1 21500
0 22000
1 22500
2 23000
3 23500
2 24500
0 24500
0 25000
3 25000
1 25500
0 25500
1 26000
3 26000
2 26500
3 26500
3 27000
0 27000
1 27500
0 28500
1 29000
3 29500
2 30000
0 30500
0 32500
1 33000
0 33500
3 33500
2 34000
3 34500
2 35000
0 35500
3 35500
1 36000
0 36500
1 37000
3 37500
0 37500
2 38000
3 38500
2 38750
1 39000
0 39250
0 39500
3 39500
0 40500
3 41000
0 41500
3 41500
3 42000
0 42500
3 43000
0 43500
3 43500
1 44500
2 45000
0 45500
3 45500
2 46000
1 46500
2 47000
0 47500
3 47500
0 48500
1 49000
3 49500
2 49500
2 50000
3 50500
2 51000
1 51500
0 51500
1 52000
0 52500
1 53000
1 53500
0 53500
2 54000
3 54500
2 55000
2 55500
3 55500
2 56000
3 56500
2 57000
1 57500
0 58000
1 58500
2 59000
3 59500
0 59500
0 60500
1 60500
2 61000
3 61000
0 61500
0 62000
0 62500
0 63000
0 63500
0 0500
1 65000
3 65500
2 66000
0 66500
1 67000
3 67500
2 68000
0 68500
2 69000
3 69500
1 70000
0 70500
1 70750
2 71000
3 71250
0 71500
3 71500
0 72500
3 73000
0 73500
3 74000
0 74500
3 75000
0 75500
2 76000
1 76500
2 77000
1 77500
2 78000
0 78500
3 79000
0 79500
3 80000
2 80250
1 80500
0 80750
1 81000
2 81250
3 81500
2 81750
1 82000
0 82250
1 82500
0 82750
1 83000
0 83250
1 83500
0 83750
1 84000
0 84250
3 84500
2 84750
3 85000
2 85250
3 85500
2 85750
3 86000
2 86250
1 86500
0 86750
1 87000
2 87250
3 87500
0 88500
1 89000
2 89500
3 90000
2 90500
1 91000
0 91500
3 91500
0 92500
3 93000
2 93500
1 94000
2 94500
3 95000
0 95500
0 96500
3 97000
3 97500
0 97500
3 98000
0 98500
3 99000
3 99500
0 99500
1 100500
2 101000
3 101500
0 101500
2 102000
1 102500
2 103000
3 103500
0 103500
0 104500
1 105000
2 105500
3 105500
2 106000
3 106500
2 107000
0 107500
1 107500
1 108000
0 108500
1 109000
0 109500
1 109500
2 110000
3 110500
2 111000
3 111500
2 111500
2 112000
3 112500
2 113000
1 113500
0 114000
1 114500
2 115000
0 115500
3 115500
3 116500
2 117000
3 117500
2 118000
1 118500
0 119000
1 119500
0 120000
1 120500
2 121000
3 121500
2 122000
3 122500
2 123000
1 123500
0 124000
1 124500
0 125000
1 125500
0 126000
1 126500
0 127000
3 127250
0 127500
3 127750
0 128000
3 128250
