0 1333
1 1666
0 1999
1 2333
3 4333
2 4666
3 4999
2 5333
1 6666
2 6999
1 7333
2 7666
0 7999
1 8111
2 8222
3 8333
0 8444
1 8555
2 8666
3 8777
0 8888
1 8999
2 9111
3 9222
0 9333
1 9444
2 9555
3 9666
0 9777
1 9888
2 9999
3 10111
0 10222
1 10333
2 10444
3 10555
0 11666
0 11833
1 12333
1 12666
2 12999
2 13333
3 14333
3 14499
0 15666
1 15999
2 16333
3 16666
2 16999
1 17333
2 17666
1 17999
0 18333
1 18666
0 18999
1 19333
0 19666
1 19833
2 19999
3 20166
0 21333
1 21666
2 21999
3 22333
0 22333
1 22499
2 22499
0 22999
3 23333
2 23666
3 23999
2 24999
1 24999
0 25166
3 25166
0 26333
1 26499
2 26666
0 27166
3 27666
2 27999
0 28333
1 28666
3 28999
2 29333
0 29666
1 29999
3 30333
2 30666
0 30999
1 31333
0 32999
0 33166
1 33666
1 33999
2 34333
2 34666
3 35666
3 35833
0 36999
1 37333
2 37666
3 37999
2 38333
1 38666
2 38999
1 39333
0 39666
1 39999
0 40333
1 40666
0 40999
1 41166
2 41333
3 41499
0 42666
1 42999
2 43333
3 43666
0 43666
1 43833
2 43833
0 44333
3 44666
2 44999
3 45333
2 46333
1 46333
0 46499
3 46499
0 47666
1 47833
2 47999
0 48499
3 48999
2 49333
0 49666
1 49999
3 50333
2 50666
0 50999
1 51333
2 51999
1 51999
0 51999
3 51999
2 52333
1 52333
2 52666
1 52666
1 52999
2 52999
0 53333
1 53666
3 53999
2 54333
2 54666
1 54666
0 54666
3 54666
0 55333
1 55499
2 55666
3 55833
3 56333
0 56333
3 56833
2 56999
1 57166
0 57333
2 57999
1 57999
0 58666
3 58999
0 59333
3 59666
0 59999
3 60333
0 60666
1 60833
2 60999
3 61166
0 61666
1 61666
2 61999
3 61999
0 62333
1 62333
2 62666
3 62666
0 62999
3 62999
1 63333
2 63333
3 63666
0 63666
1 63999
2 63999
1 64666
2 64666
0 64833
3 64833
1 65166
2 65166
0 65666
0 65999
1 66166
2 66333
3 66499
1 66999
2 66999
3 67499
2 67666
1 67833
0 67999
0 68666
3 68666
1 69333
2 69333
1 69666
2 69666
0 69999
1 70166
3 70333
2 70499
0 70666
1 70833
3 70999
2 71166
0 71333
1 71499
2 71666
3 71833
0 72666
2 72666
0 72999
2 72999
1 73333
3 73333
1 73666
3 73666
0 74333
1 74416
2 74499
3 74583
1 75166
2 75166
1 75666
2 75666
3 75999
0 75999
1 76333
3 76333
2 76666
3 76666
1 76999
3 76999
3 77333
0 77333
0 77666
3 77666
0 77999
2 77999
0 78333
1 78333
0 78666
2 78666
0 78999
3 78999
0 79333
1 79666
2 79999
3 80333
2 80666
3 80999
2 81333
1 81666
0 81999
1 82333
0 82666
1 82999
3 83333
0 83666
3 83999
0 84333
1 84666
2 84666
0 84999
1 85083
2 85166
3 85249
1 85999
2 86333
1 86666
2 86999
1 87333
2 87666
0 87999
3 88333
0 88666
3 88999
0 89333
3 89666
1 89999
3 90333
1 90666
3 90999
1 91333
2 91666
0 91999
2 92333
0 92666
2 92999
0 93333
3 93333
0 93666
3 93666
0 93999
3 93999
0 94333
3 94333
1 94666
2 94666
1 94999
2 94999
1 95333
2 95333
1 95666
2 95666
1 95999
3 95999
1 96333
3 96333
1 96666
3 96666
1 96999
3 96999
0 97333
2 97333
0 97666
2 97666
0 97999
2 97999
0 98333
2 98333
1 98666
1 98999
1 99333
1 99666
2 99999
2 100333
2 100666
2 100999
0 101333
0 101666
0 101999
0 102333
3 102666
3 102999
3 103333
3 103666
0 103999
2 103999
1 104666
3 104666
2 105333
0 105333
0 105999
1 106333
2 106666
3 106999
2 107333
3 107666
2 107999
1 108333
0 108666
0 108999
1 109083
2 109166
3 109249
0 109333
0 109666
0 109999
1 110333
2 110666
1 110999
0 111333
3 111666
0 111999
3 112333
2 112666
0 112999
3 112999
1 113333
2 113333
2 113666
1 113666
1 113999
2 113999
1 114333
2 114333
0 114666
3 114666
0 114999
3 114999
1 115333
2 115333
1 115666
2 115666
0 115999
1 116333
2 116666
3 116999
2 117333
1 117666
0 117999
1 118333
2 118666
3 118999