0 1362
3 1362
1 2453
2 2453
0 3135
1 3271
2 3408
3 3544
2 3680
1 3817
0 3953
1 4089
2 4226
3 4362
0 4499
3 4499
1 4771
2 4771
0 5044
1 5180
3 5453
2 5589
0 5862
3 5862
0 6135
3 6135
1 6407
2 6407
0 6680
3 6680
1 6953
2 6953
0 7362
2 7635
1 7908
3 8180
0 8453
2 8726
1 8999
3 9271
0 9544
2 9817
1 10089
3 10362
0 10635
2 10908
1 11180
3 11453
3 11589
1 11862
2 11862
1 12271
3 12271
0 12544
2 12544
3 12816
1 12816
2 13089
0 13089
1 13362
3 13362
2 13635
0 13635
0 15135
2 15135
3 15135
1 15135
0 16362
1 16362
2 16908
3 16908
0 17453
1 17453
3 17999
2 18271
1 18544
0 18817
1 19089
0 19362
1 19635
0 19908
1 20180
2 20453
3 20726
2 20999
1 21271
2 21544
1 21817
0 22089
0 22908
1 23180
0 23453
1 23726
0 23999
1 24271
0 24544
1 24817
0 25089
3 25362
2 25634
3 25908
2 26180
3 26453
2 26726
3 26999
2 27271
1 27544
0 27817
1 28089
0 28362
1 28635
0 29180
1 29180
1 29453
2 29453
2 29726
3 29726
0 29999
1 29999
1 30271
2 30271
2 30544
3 30544
2 30817
3 30817
2 31089
3 31089
2 31362
3 31362
2 31635
3 31635
0 32180
1 32453
2 32726
3 32999
0 33271
3 33271
0 33544
3 33544
0 33817
3 33817
0 34089
3 34089
0 34362
1 34635
2 34908
3 35180
1 35453
2 35453
1 35726
2 35726
1 35999
2 35999
1 36271
2 36271
3 36544
0 36544
0 36817
3 36817
3 37089
0 37089
0 37362
3 37362
0 37635
1 37635
0 37908
1 37908
0 38180
1 38180
0 38452
1 38452
2 38726
3 38726
2 38999
3 38999
2 39271
3 39271
2 39544
3 39544
1 39817
3 39817
1 40089
3 40089
1 40362
3 40362
1 40635
3 40635
0 40908
1 40908
2 41180
3 41180
0 41453
1 41453
2 41726
3 41726
0 41999
3 42271
0 42544
1 42680
2 42817
3 42953
3 43226
3 43499
3 43771
2 43908
1 44044
0 44180
0 44453
0 44999
2 45271
0 45544
2 45817
0 46089
2 46362
1 46635
3 46908
1 47180
3 47453
1 47726
0 47999
1 48135
2 48271
3 48408
2 48544
0 48544
2 48817
0 48817
0 49089
2 49089
1 49363
3 49636
1 49909
3 50181
1 50454
3 50727
1 51000
3 51272
2 51545
0 51818
1 52090
2 52363
1 52636
3 52909
0 53181
2 53454
1 53727
3 54000
0 54272
3 54545
0 54818
1 55090
2 55363
3 55636
3 55909
3 56181
3 56454
3 56727
3 57000
1 57000
1 57272
3 57272
1 57545
3 57545
0 57818
2 58090
1 58363
3 58636
1 58909
2 59181
0 59454
3 59727
1 60000
2 60272
0 60545
3 60818
0 61090
0 61363
0 61636
0 61909
1 62181
1 62454
1 62727
1 63000
2 63272
2 63545
2 63818
2 64090
3 64363
3 64636
3 64909
3 65181
2 65454
2 65727
2 66000
2 66272
1 66545
0 66818
1 67090
2 67363
3 67636
3 68045
2 68181
1 68318
0 68454
0 68727
0 69000
1 69272
0 69545
3 69818
2 70090
3 70363
1 70636
0 70909
1 71181
0 71454
2 71727
3 72000
2 72272
3 72545
1 72818
2 73090
1 73363
0 73636
1 73772
2 73909
3 74045
3 74318
0 74727
3 74863
0 75000
3 75136
0 75272
3 75409
0 75818
1 76090
2 76363
0 78136
1 78272
2 78409
3 78545
2 78681
1 78818
2 78954
0 79227
1 79363
2 79500
3 79636
2 79772
1 79909
2 80045
0 80318
1 80454
2 80590
3 80727
2 80863
1 81000
2 81136
0 81272
1 81409
2 81545
3 81681
2 81818
1 81954
2 82090
0 82363
1 82500
2 82636
3 82772
2 82909
3 83045
2 83181
1 83318
0 83454
1 83590
2 83727
3 83863
2 84000
3 84136
2 84272
1 84409
0 84545
1 84681
2 84818
3 84954
2 85090
3 85227
2 85363
1 85500
0 85636
1 85772
2 85909
3 86045
0 86727
1 86863
2 87000
3 87136
2 87272
1 87409
2 87545
0 87818
1 87954
2 88090
3 88227
2 88363
1 88500
2 88636
0 88909
1 89045
2 89181
3 89318
2 89454
1 89590
2 89727
0 89863
1 90000
2 90136
3 90272
2 90409
1 90545
2 90681
0 90954
1 91090
2 91227
3 91363
2 91500
1 91636
0 91772
1 91909
2 92045
3 92181
2 92318
1 92454
0 92590
1 92727
2 92863
3 93000
2 93136
1 93272
0 93409
1 93545
2 93681
3 93818
2 93954
1 94090
0 94227
1 94363
2 94500
3 94636
0 95181
1 95318
2 95454
3 95590
3 95863
0 96136
0 97363
1 97500
2 97636
3 97772
2 98045
1 98318
0 99409
1 99681
2 99818
3 99954
3 100227
3 100500
2 100772
1 100909
0 101045
3 101318
0 101590
2 102000
3 102409
2 102681
2 102954
2 103227
0 103500
1 103772
1 104045
1 104318
1 104590
3 104863
3 105136
3 105409
3 105681
0 105954
0 106227
0 106500
0 106772
0 107045
0 107727
1 107863
2 108000
3 108136
3 108409
0 108681
3 108954
0 109909
1 110045
2 110181
3 110318
2 110590
1 110863
0 111136
0 112227
1 112363
2 112500
3 112636
3 113045
3 113318
2 113454
1 113590
0 113727
0 114409
1 114818
1 115090
1 115363
2 115636
2 115909
2 116181
3 116454
3 116727
3 117000
3 117272
0 117545
0 117818
0 118090
0 118363
1 118636
2 118636
1 118909
2 118909
1 119181
2 119181
1 119454
2 119454
1 119727
2 119727
2 120000
1 120000
3 120545
2 120681
1 120818
0 120954